32,4
32,3
32,2
0,501
32,1
32,0
0,500
0,499
31,4
31,3
31,2
31,1
31,0
0,310
7,0
14,0
6,0
13,0
4,0
10,0
11,0
12,0
9,0
8,0
1,0
2,0
0,308
0,307
0,305
0,304
0,303
0,302
0,322
0,408
0,494
15,2
4,1
15,1
1,1
15,0
15,4
2,1
4,3
1,3
2,3
0,12
0,10
0,9
0,8
0,0
25,6
30,1
30,0
25,4
30,3
25,5
30,2
25,2
25,3
30,4
25,0
25,1
22,1
19,4
22,0
22,3
17,4
22,2
19,0
17,2
22,4
19,1
17,3
19,2
17,0
19,3
17,1
0,243
0,490
0,300
0,403
0,299
0,489
0,402
0,298
0,488
0,401
0,297
0,487
0,296
0,486
0,400
0,295
0,485
0,399
0,294
0,398
0,293
0,397
0,292
0,484
0,291
0,483
0,290
0,396
0,289
0,482
0,395
0,288
0,481
0,394
0,287
0,480
0,286
0,479
0,393
0,285
0,478
0,392
0,284
0,391
0,283
0,390
0,282
0,281
0,477
0,280
0,476
0,389
0,279
0,388
0,278
0,475
0,387
0,277
0,474
0,276
0,473
0,386
0,275
0,472
0,385
0,274
0,471
0,384
0,273
0,383
0,272
0,470
0,271
0,270
0,469
0,382
0,269
0,468
0,381
0,268
0,380
0,267
0,467
0,379
0,266
0,466
0,265
0,465
0,378
0,264
0,464
0,377
0,263
0,463
0,376
0,262
0,375
0,261
0,462
0,260
0,259
0,374
0,258
0,461
0,373
0,257
0,460
0,372
0,256
0,371
0,255
0,254
0,370
0,253
0,459
0,369
8,1
9,3
12,3
12,1
11,1
10,1
13,3
6,3
6,1
14,1
15,3
7,1
7,3
14,3
13,1
10,3
11,3
9,1
8,3
3,3
3,1
3,0
0,252
0,368
0,251
0,458
0,367
0,250
0,457
0,249
0,248
0,366
0,247
0,365
0,246
0,456
0,364
0,245
0,455
0,363
0,244
0,362
0,242
0,361
0,241
0,240
0,360
0,239
0,454
0,359
0,238
0,453
0,358
0,237
0,357
0,236
0,235
0,451
0,234
0,450
0,356
0,233
0,452
0,355
0,232
0,449
0,354
0,231
0,448
0,353
0,230
0,447
0,352
0,229
0,446
0,351
0,228
0,445
0,444
0,227
0,443
0,350
0,226
0,349
0,225
0,442
0,348
0,224
0,347
0,223
0,441
0,222
0,221
0,439
0,346
0,220
0,438
0,345
0,219
0,440
0,344
0,218
0,437
0,436
0,217
0,435
0,343
0,216
0,434
0,342
0,215
0,433
0,341
0,214
0,432
0,340
0,213
0,431
0,430
0,212
0,211
0,339
0,210
0,338
0,209
0,337
0,208
0,336
0,207
0,429
0,206
0,335
0,205
0,428
0,334
0,204
0,333
0,203
0,426
0,332
0,202
0,427
0,201
0,425
0,424
0,200
0,423
0,331
0,199
0,422
0,330
0,198
0,421
0,329
0,197
0,420
0,328
0,196
0,419
0,418
0,195
0,194
0,327
0,193
0,498
0,326
0,192
0,497
0,325
0,63
0,324
0,62
0,496
0,323
0,61
0,417
0,321
0,60
0,416
0,59
0,495
0,320
0,58
0,493
0,319
0,57
0,318
0,56
0,317
0,55
0,492
0,415
0,54
0,491
0,414
0,53
0,412
0,316
0,52
0,411
0,315
0,51
0,413
0,314
0,50
0,410
0,313
0,49
0,409
0,312
0,48
0,407
0,311
0,47
0,406
0,309
0,46
0,405
0,306
0,45
0,404
0,301
0,6
0,5
0,1
0,11
0,4
0,2
0,3
0,7
